// output of ./demo/comb/composition-nz-odd-subset-lex-demo.cc:
// Description:
//% Compositions of n into positive odd parts, subset-lex order.
//% Cf. OEIS sequence A000045.

arg 1: 10 == n  [compositions of n into odd parts]  default=10
  1: [ 2]  [ 1 9 ]
  2: [ 4]  [ 1 1 1 7 ]
  3: [ 6]  [ 1 1 1 1 1 5 ]
  4: [ 8]  [ 1 1 1 1 1 1 1 3 ]
  5: [10]  [ 1 1 1 1 1 1 1 1 1 1 ]
  6: [ 8]  [ 1 1 1 1 1 1 3 1 ]
  7: [ 8]  [ 1 1 1 1 1 3 1 1 ]
  8: [ 6]  [ 1 1 1 1 3 3 ]
  9: [ 8]  [ 1 1 1 1 3 1 1 1 ]
 10: [ 6]  [ 1 1 1 1 5 1 ]
 11: [ 6]  [ 1 1 1 3 1 3 ]
 12: [ 8]  [ 1 1 1 3 1 1 1 1 ]
 13: [ 6]  [ 1 1 1 3 3 1 ]
 14: [ 6]  [ 1 1 1 5 1 1 ]
 15: [ 4]  [ 1 1 3 5 ]
 16: [ 6]  [ 1 1 3 1 1 3 ]
 17: [ 8]  [ 1 1 3 1 1 1 1 1 ]
 18: [ 6]  [ 1 1 3 1 3 1 ]
 19: [ 6]  [ 1 1 3 3 1 1 ]
 20: [ 4]  [ 1 1 5 3 ]
 21: [ 6]  [ 1 1 5 1 1 1 ]
 22: [ 4]  [ 1 1 7 1 ]
 23: [ 4]  [ 1 3 1 5 ]
 24: [ 6]  [ 1 3 1 1 1 3 ]
 25: [ 8]  [ 1 3 1 1 1 1 1 1 ]
 26: [ 6]  [ 1 3 1 1 3 1 ]
 27: [ 6]  [ 1 3 1 3 1 1 ]
 28: [ 4]  [ 1 3 3 3 ]
 29: [ 6]  [ 1 3 3 1 1 1 ]
 30: [ 4]  [ 1 3 5 1 ]
 31: [ 4]  [ 1 5 1 3 ]
 32: [ 6]  [ 1 5 1 1 1 1 ]
 33: [ 4]  [ 1 5 3 1 ]
 34: [ 4]  [ 1 7 1 1 ]
 35: [ 2]  [ 3 7 ]
 36: [ 4]  [ 3 1 1 5 ]
 37: [ 6]  [ 3 1 1 1 1 3 ]
 38: [ 8]  [ 3 1 1 1 1 1 1 1 ]
 39: [ 6]  [ 3 1 1 1 3 1 ]
 40: [ 6]  [ 3 1 1 3 1 1 ]
 41: [ 4]  [ 3 1 3 3 ]
 42: [ 6]  [ 3 1 3 1 1 1 ]
 43: [ 4]  [ 3 1 5 1 ]
 44: [ 4]  [ 3 3 1 3 ]
 45: [ 6]  [ 3 3 1 1 1 1 ]
 46: [ 4]  [ 3 3 3 1 ]
 47: [ 4]  [ 3 5 1 1 ]
 48: [ 2]  [ 5 5 ]
 49: [ 4]  [ 5 1 1 3 ]
 50: [ 6]  [ 5 1 1 1 1 1 ]
 51: [ 4]  [ 5 1 3 1 ]
 52: [ 4]  [ 5 3 1 1 ]
 53: [ 2]  [ 7 3 ]
 54: [ 4]  [ 7 1 1 1 ]
 55: [ 2]  [ 9 1 ]
 ct=55
